插入排序 正序
4307
5556
4693
5640
6889
23618
9965
815
787
475
531
1020
1081
1160
1225
1253
1379
1435
1589
1645
1678
1715
1794
1892
1915
2013
2111
1323
1403
1281
1356
1365
1407
1873
1538
1584
1929
1976
1720
1720
1850
2050
1817
1953
1962
2008
1999
2102
2176
2195
2204
2251
2298
2983
5034
4125
4325
4460
3547
2675
2717
3467
4945
4624
2829
3015
2838
2904
2899
3099
2997
3234
3109
3155
3248
3346
3258
3570
3701
3626
3645
3542
3542
3701
3770
3812
3845
3952
3864
4013
4013
4008
4027
4073
4404
5994
5514
4232
4302
4316
插入排序 逆序
54695
75545
45177
102743
115608
113898
182843
218641
334870
381459
509854
599127
617003
740345
799184
955169
926949
1314366
1465392
1833245
1777744
1553145
1838298
2775321
2757496
3073955
3264564
2848783
3268679
3561351
3577167
3871102
4734048
4725966
4529563
4954955
5143816
5504995
5494367
6395279
6469030
6751093
6565043
8006345
7844683
7514124
8334984
7982969
8594910
9622833
9932201
10820304
11278134
10936981
12918646
12164228
12002529
11995831
13019474
14484577
14987640
15203476
14769185
15422812
16050191
17498798
17813923
16998625
17285526
20481579
24382332
20042734
20520444
21451963
20694538
22516826
22158392
23658166
22984169
23910127
24159253
26862949
26761072
36960333
29994933
29741485
31610003
29324460
30279811
31918001
31625231
33329192
33281097
34723845
34082771
34009761
38028654
40952880
38571837
38997789
插入排序 随机序
3388
15083
25455
39560
78039
62680
84956
110411
137852
167111
214637
238657
370552
355445
399186
550412
470895
578440
749434
817265
820509
915483
884970
1145055
1205661
1334732
1512876
1473637
1608898
2011199
2006533
1818986
2059746
2391857
2653144
2690411
2667291
2826110
3475943
3826060
3998984
3431027
3412442
3752594
3736294
4025698
3998276
4393486
4557433
5887429
4960348
4969289
5219921
5491095
6401036
7203977
6219330
6484198
6673319
7115828
8471046
7840302
7776708
7913903
10868931
8717986
9119224
8801778
9440111
9808701
9757231
9646656
10075918
11005725
10109805
10160156
10673083
11623758
11696539
12229961
12111901
12497579
13144615
13651962
12997272
14124629
15434740
17399410
18925315
15676632
16187969
17281802
19315212
20457513
17100371
18536397
20204862
20181528
18752480
19755022
选择排序 正序
73512
23972
30102
31724
43219
88167
160464
137544
245066
254002
225871
271607
311396
463866
474582
569551
654848
783578
766853
755070
983076
1082277
992347
1130083
1576400
2047398
1688135
1981903
1657702
1856342
2239545
2187707
2148217
2287057
2279655
2260381
2596328
2906755
3920144
3540185
3639246
3577549
3458160
3798969
3663713
3983392
4188409
4551746
4303319
5055588
4934180
4984424
4954941
5641192
6103166
6181634
6340020
6090679
6556359
6635442
7868512
7625123
7974616
7631104
8201848
8526842
8209274
9390450
9999435
9896981
9873628
10366837
10451164
10677739
10371279
11585862
12282093
12588367
12147462
11410230
12965538
13460132
13542655
13662273
13830186
15775749
16735939
17119170
15110791
15076428
16196108
16699618
17289665
17339159
18536532
17780586
21660620
19048186
20187439
21246643
选择排序 逆序
52896
63775
78719
77824
120587
186236
235054
452231
443352
558159
617488
719057
924787
1225690
1258482
1310628
1577943
1895627
2095698
2624920
2545893
2659139
2991073
3698957
4097104
3855748
4552790
4954811
4750889
5387708
5186788
6939898
7962651
6906192
6859630
7302405
8152397
8674912
8365604
8944212
9805904
10826989
11040601
10609489
11644958
12508342
13058377
13801253
13717383
13756761
14793703
15256605
15910250
16502544
15998740
16379100
18531922
18728684
18776173
19572808
19638028
20982591
20994006
22311608
24268205
23871760
23361840
24069425
26344387
26476245
27813979
28688373
28406739
29946414
31547169
32854414
31693524
33787414
33763059
36661000
35603800
40514450
38619573
40724175
44192115
42883518
41620719
43291259
43790551
43898828
46059458
45038010
48515962
49125316
51303301
51022105
50074813
52675486
53988492
53152637
选择排序 随机序
5034
19651
43475
103508
138360
238400
230168
299603
385487
662259
566325
772596
877591
1319788
1094788
1437750
1639010
1506681
1727938
1976943
2666807
2573129
3110704
3068627
3559823
4397211
3957513
4023987
4643955
5717306
4811467
5703574
5467527
6114204
7009094
7049941
7004563
8268355
8341654
8125170
9234260
10322471
10477593
10110117
10968477
11997117
13304324
12379528
13340603
13372104
13756896
15009739
15600131
16644065
16417402
17018995
17880430
19228997
20526728
19109990
19737714
21275678
21584277
22662779
24139545
25416393
26802231
27877573
29406629
27314156
27189401
28651358
27843033
29664915
30973054
32467034
32774100
33722007
33387621
34552385
35849989
35970838
37674514
37736360
40302255
41276442
42396490
41852487
44317801
50025916
49180068
47595650
47384215
50584863
49965893
49926687
50786850
52656631
53064520
56880490
Shell排序 正序
27357
22113
24229
30130
37914
4153
4950
5556
6362
7182
8418
8851
9686
10478
11340
12310
11191
6274
6581
6949
7304
7747
8050
8329
9047
9210
9508
9905
10180
13452
13275
11410
11615
11937
12426
12743
13130
13438
13885
17335
14673
33346
32484
22369
16086
16309
16757
17298
17764
40287
30372
19106
18770
19283
21926
39522
43298
30540
45894
45862
46435
47489
40436
26205
23907
23870
24066
29123
41723
53567
55911
53902
26214
26797
27342
28144
29118
29547
28899
28806
29421
47978
40408
30568
31100
50225
60246
67336
60167
32586
33057
33323
33495
53907
72818
70739
35407
35495
35630
53185
Shell排序 逆序
11312
19283
32302
38963
13135
17321
20313
23418
26037
29603
33295
37108
42953
43881
47311
47768
30647
31463
33290
34493
42753
41056
41424
45428
84639
46174
55921
57990
54425
55772
105340
59100
62307
64898
67453
68310
101326
140900
141945
148540
162109
156385
110141
89636
95789
100669
96875
100016
188958
136388
189727
207659
176522
116643
136854
227679
193638
124861
154614
240158
134076
168691
238032
159340
194734
210722
184847
158720
163825
298582
229893
158623
181547
173991
234536
199595
296550
192361
188282
326354
232728
367727
337671
198859
311270
227134
211141
300470
343116
354489
221685
254225
372971
335821
268997
374337
307042
434649
389738
372486
Shell排序 随机序
2218
6199
13676
26988
38413
48314
49223
59440
69877
101867
93188
103251
109512
120787
130431
141283
183337
199763
207641
186767
197418
250426
249965
272246
241780
277728
298731
347227
310734
339997
311055
322359
345213
366385
424492
372118
426385
495078
405987
416428
465796
452926
533324
506680
535067
516944
536661
521340
526183
593165
547885
563804
608953
611554
615600
654456
661546
688395
784958
671255
745901
804894
866497
791153
824872
763479
767403
813429
805654
823712
911124
1057731
910845
891100
950876
959485
937032
1021130
1030388
1005403
1030318
1011691
1073775
1026179
1107075
1089940
1103789
1142305
1197313
1408944
1483706
1476234
1385581
1217435
1286417
1409466
1288096
1205498
1326085
1249463
快速排序 正序
31789
23161
40292
46230
61556
79209
73657
97681
43690
48062
52788
35635
51940
64950
52541
85566
62610
88065
97630
62908
118456
124157
129354
90097
85930
108164
87715
101429
93556
96329
101340
121486
142406
184222
161792
163125
137181
126898
129336
134072
148000
205137
184791
182376
277835
226053
163181
169367
167964
208284
203744
180125
243048
210032
242623
218762
296093
264848
281652
262224
347702
302036
284155
266694
233511
348383
338664
265179
364744
247830
250053
315092
334231
292000
320658
267421
269668
356890
395919
374011
367480
318989
326946
365872
313890
304576
417141
349311
402444
372766
446787
395140
390008
502051
485988
408252
447458
435745
461176
471739
快速排序 逆序
4675
9676
14505
21646
40352
33099
39490
39415
32451
38847
108393
97364
90740
85632
74869
115072
113231
73452
94539
76724
155588
152358
147077
168863
183845
169008
190338
144629
165950
232145
150983
261007
144037
243621
232359
313265
223927
229577
286640
268009
207720
237561
213635
311023
320150
310473
335704
284034
306250
294788
300367
233893
281415
333481
290467
230141
238256
275392
379310
275774
285712
259856
322541
394166
374253
327319
304679
422894
308301
293548
321427
340561
344677
343186
339373
395774
397792
433516
432016
466831
453243
466598
483532
467148
446298
469119
390600
461237
470872
518361
427960
485177
458920
489582
537817
728748
579414
432137
544012
506256
快速排序 随机序
6404
14585
23558
30605
35658
43200
51423
64334
79992
87748
108891
141287
110304
141968
130772
123295
160240
162860
141609
149356
209458
203576
223591
210153
215686
227805
272297
243439
309937
264429
331971
298568
311391
347968
383510
317125
392931
345498
340725
341484
336128
431782
432603
417966
504582
435665
466043
440853
462593
513080
528844
495134
480758
582039
576711
472517
531030
530256
625160
523330
560154
625892
660530
660996
663960
681627
637778
706275
650289
723872
731773
677581
721625
677832
778306
713859
704257
748842
744232
745244
704173
809429
891514
815028
829678
824756
859678
1070036
1171787
1238169
1173167
1250880
1237856
1270830
1085409
988697
910863
1192647
1090383
1164977
归并排序 正序
15503
14496
39779
71457
46095
53157
97984
102114
105722
125821
204457
112653
108915
131620
125532
136146
150987
154441
152484
156133
238260
621249
361533
566283
381669
383016
414601
402873
519601
481318
553376
523046
486212
541061
704504
750119
622070
592587
739329
742992
749756
1002238
1370278
1467657
1541133
1422988
1810871
2091247
1902950
1774541
1728833
1966357
1828934
2023668
2129670
1933803
2131212
2166592
2129278
2271517
2421335
2302659
2258069
2521445
2457236
2491491
2411080
2626361
3159643
3428855
2717652
2743163
2853136
3237211
2934168
2850065
2902578
3265981
3135954
3729115
3933493
4238257
4832751
5021858
5616763
6427195
6648768
6399395
7536428
6922161
9042882
7350309
7414513
7711226
7555474
7586817
8086626
7202453
7322192
7486884
归并排序 逆序
19931
17829
34171
42622
52872
85767
104762
108882
122959
106113
108099
102566
107460
116168
129303
158809
181719
191116
199940
284388
408644
384135
346947
357710
390684
382079
413851
595137
830899
584682
552384
514250
570497
553791
553288
559655
589683
606356
612239
616919
668179
993592
1901174
2171010
1554823
1464534
1535306
1539408
1590631
1799097
1712933
1771908
1809109
1828481
1779459
1919069
2325592
2310024
2184440
2354096
2485586
2684687
2433463
2339329
2677127
2405225
2420575
2479400
2493757
2824777
2734894
2776831
2822046
3250859
3963237
3788257
3066935
2876648
2947252
3136057
3248533
3525105
4038391
4401140
5121349
5596789
6633200
6976032
8121544
6765627
6545736
6900193
7085031
7064023
8547841
8608423
7654946
7444121
7703297
10452833
归并排序 随机序
960
2857
7947
12524
14846
37569
32675
35085
50341
49069
97215
114858
107591
114937
130730
124325
131760
135158
144504
149920
259977
364455
347810
433125
423807
437618
454529
442037
472214
498471
491451
507216
554248
539192
593249
565356
617623
621375
695266
691854
751513
902128
1234365
1482685
1607994
1428218
1805879
1585596
1647428
1520982
1753831
1729047
2829704
2767984
2543674
1967854
2230815
2217078
2241074
2223240
2374489
2271545
2538486
2294147
2543679
2466325
2519380
2517860
2905548
2758671
2842518
2902644
2725562
2824483
3161116
2884162
3088153
2938172
3144056
3079954
2997230
3237342
3636030
4225354
5043687
6885878
7237119
6313884
6661708
6952516
6621118
6874999
7433321
6986095
6811093
7316197
7298447
9517124
7858606
7426721
